[2.06734516 2.50901315 2.21950748 2.        ]
[1.86886375 1.46963284 2.73425817 0.        ]
[3.29103331 2.39137986 3.33082999 0.        ]
[1.80688944 1.22355699 1.51542821 1.        ]
[3.37502444 1.66065    2.62899099 0.        ]
[0.95547952 2.08006605 1.85863495 0.        ]
[2.70572447 3.0871081  2.80642753 0.        ]
[-0.92631816  0.56201632  1.40077062  0.        ]
[1.60065326 1.24173171 1.5648026  0.        ]
[2.69827457 2.11052196 2.3310003  0.        ]
[-2.24645826  2.5504206   2.12905663  1.        ]
[-0.52363899  0.64053817  2.05012117  1.        ]
[-1.36027076  0.94961204  1.63663849  1.        ]
[-0.44420888  0.95146751  2.9509822   1.        ]
[-1.65761181  1.54041189  1.87596338  1.        ]
[ 2.74670936 -1.98201862 -1.25797398  2.        ]
[-1.97592847  1.50950772  1.6103773   1.        ]
[-2.4826244   3.14696302  1.71758121  1.        ]
[-1.63992277  3.52936645  3.85961799  1.        ]
[-1.45345129  0.95719927  0.90196649  0.        ]
[ 0.26025731  1.40287932 -2.26041627  2.        ]
[ 2.22226361 -2.52658217 -1.96182598  2.        ]
[ 1.84139236 -2.82515471 -1.43627499  2.        ]
[2.36569219 1.46416313 1.49726079 1.        ]
[1.31500428 1.19101251 1.3402697  0.        ]
[ 1.60350175 -2.77912949 -1.5357787   2.        ]
[ 1.97316065 -0.23889015 -2.44298043  2.        ]
[ 2.21630535 -1.0982807  -1.73058796  2.        ]
[ 1.98130285 -0.5950389  -1.11568158  2.        ]
[1.15070576 3.35563055 0.94836691 2.        ]